client_id=0
num_samples=12005
test_loss=0.06293024867773056
test_accuracy=0.98089998960495
