client_id=4
num_samples=11996
test_loss=0.08524543792009354
test_accuracy=0.9775000214576721
