client_id=3
num_samples=11997
test_loss=0.08032779395580292
test_accuracy=0.977400004863739
