client_id=4
num_samples=11996
test_loss=0.09027361124753952
test_accuracy=0.9739000201225281
