client_id=2
num_samples=12000
test_loss=0.07857248932123184
test_accuracy=0.9760000109672546
