client_id=3
num_samples=11997
test_loss=0.06886887550354004
test_accuracy=0.9789999723434448
