client_id=2
num_samples=12000
test_loss=0.07053650170564651
test_accuracy=0.9803000092506409
