client_id=0
num_samples=12005
test_loss=0.08210036903619766
test_accuracy=0.9743000268936157
