client_id=1
num_samples=12002
test_loss=0.0955546423792839
test_accuracy=0.9710999727249146
